globaltag = DES23_62_V1::All
271 DQMStore::DQMStore 
HcalTopologyIdealEP::HcalTopologyIdealEP
06-May-2014 18:41:44 CEST  Initiating request to open file root://eoscms//eos/cms/store/group/upgrade/muon/ME0GlobalReco/RealME0Muons_3Sigma_SingleMuPt10Extended.root
06-May-2014 18:41:46 CEST  Successfully opened file root://eoscms//eos/cms/store/group/upgrade/muon/ME0GlobalReco/RealME0Muons_3Sigma_SingleMuPt10Extended.root
Begin processing the 1st record. Run 1, Event 1, LumiSection 1 at 06-May-2014 18:46:25.377 CEST
0x2af536d7b200 is tTopo
%MSG-e TkDetLayers:  ME0TracksToTrajectories:me0Muons 06-May-2014 18:46:36 CEST  Run: 1 Event: 1
 something strange going on, please check 
%MSG
%MSG-e TkDetLayers:  ME0TracksToTrajectories:me0Muons 06-May-2014 18:46:36 CEST  Run: 1 Event: 1
 something strange going on, please check 
%MSG
%MSG-e TkDetLayers:  ME0TracksToTrajectories:me0Muons 06-May-2014 18:46:36 CEST  Run: 1 Event: 1
 something strange going on, please check 
%MSG
in MuonNumberingInitialization::initializeMuonDDDConstants
about to make my new muonDDDConst_
in MuonNumberingInitialization::produce
Building the geometry service
RPCGeometryESModule :: produce
RPCGeometryESModule :: produce :: 1/4 Get Muon Ideal Geometry Record
RPCGeometryESModule :: produce :: 2/4 Get Muon DDD Constants
RPCGeometryESModule :: produce :: 3/4 Get Muon Numbering Record
RPCGeometryESModule :: produce :: 4/4 Build
Begin processing the 2nd record. Run 1, Event 2, LumiSection 1 at 06-May-2014 18:46:42.454 CEST
firstTSOS
global parameters
x =       2.96547        4.348      47.9338
p =        5.5702       8.1298      100.057
global error
  1.33766e-07 -5.63111e-10  1.50162e-07 -7.13906e-08  4.76925e-09
 -5.63111e-10  1.79282e-09 -3.88659e-10   2.2853e-10 -1.30002e-08
  1.50162e-07 -3.88659e-10  1.75769e-07 -1.02934e-07  4.67665e-09
 -7.13906e-08   2.2853e-10 -1.02934e-07  4.26461e-07 -6.48238e-09
  4.76925e-09 -1.30002e-08  4.67665e-09 -6.48238e-09  7.52324e-07
local parameters (q/p,v',w',v,w)
   0.00994621     -0.32799    -0.355293    -0.794269     -2.67162
local error
  1.33766e-07 -1.67428e-08 -5.79526e-09 -7.26867e-08   -2.737e-08
 -1.67428e-08  2.29331e-09  2.62111e-10  1.23899e-08  1.14862e-09
 -5.79526e-09  2.62111e-10  2.50855e-09  8.62251e-10  1.61859e-08
 -7.26867e-08  1.23899e-08  8.62251e-10  4.83474e-07 -1.21359e-08
   -2.737e-08  1.14862e-09  1.61859e-08 -1.21359e-08  8.18962e-07
Defined at atCenterOfSurface
Magnetic field in inverse GeV:  (8.75055e-07,1.28302e-06,0.0114125) 

V_meas = 
|5.71429e-06|-0|-7.14286e-05|-0|
|-0|0.00228571|-0|-0.0285714|
|-7.14286e-05|-0|0.00130952|-0|
|-0|-0.0285714|-0|0.52381|
tsosTrkPlusMuUpdated
global parameters
x =       1.39327    -0.259861       258.95
p =       18.3834      25.1472      98.2209
global error
  6.54789e-08  8.01685e-08 -1.85275e-07  1.85189e-05 -2.76155e-05
  8.01685e-08  8.51455e-06   3.3094e-06 -0.000130799  -0.00138705
 -1.85275e-07   3.3094e-06  0.000103707  -0.00499791 -0.000336235
  1.85189e-05 -0.000130799  -0.00499791     0.300112    0.0105797
 -2.76155e-05  -0.00138705 -0.000336235    0.0105797     0.283821
local parameters (q/p,v',w',v,w)
   0.00970477 -0.000928906    -0.317142     -1.27992      26.2602
local error
  6.54789e-08 -5.87968e-08  8.84042e-08  1.84339e-05 -2.90252e-05
 -5.87968e-08  1.04353e-05  1.13836e-06  -0.00158568 -0.000108715
  8.84042e-08  1.13836e-06  1.03068e-05    -0.000144  -0.00160075
  1.84339e-05  -0.00158568    -0.000144     0.300177    0.0111348
 -2.90252e-05 -0.000108715  -0.00160075    0.0111348     0.312303
Defined at afterSurface
Magnetic field in inverse GeV:  (2.35607e-06,-4.39435e-07,0.0110135) 

 ###### Generated Muon 0/2: GEN/1/3.01272/0.921296/98.3762 PRD/1/3.01344/0.921032/97.0435 UPD/1/1.86577/0.909906/99.2853
Finished comparison
Am I here?
firstTSOS
global parameters
x =      -3.17394     -4.73137     -63.2592
p =      -5.27032     -7.89823     -96.3522
global error
  2.88022e-07  3.17611e-09  3.32218e-07 -6.29797e-07  -6.1154e-08
  3.17611e-09  4.06192e-09  2.02537e-09 -2.74021e-09 -1.20319e-07
  3.32218e-07  2.02537e-09  3.97904e-07 -8.40435e-07 -3.45832e-08
 -6.29797e-07 -2.74021e-09 -8.40435e-07  3.14265e-06  1.47148e-07
  -6.1154e-08 -1.20319e-07 -3.45832e-08  1.47148e-07  6.73688e-06
local parameters (q/p,v',w',v,w)
   -0.0103286    -0.333263    -0.356841    -0.601139     -2.17314
local error
  2.88022e-07  3.83496e-08  6.11669e-09  6.66047e-07  1.06481e-07
  3.83496e-08   5.3543e-09  2.64473e-10  1.04079e-07  2.24401e-10
  6.11669e-09  2.64473e-10  5.51428e-09  1.00481e-09  1.46021e-07
  6.66047e-07  1.04079e-07  1.00481e-09  3.62843e-06 -3.57221e-07
  1.06481e-07  2.24401e-10  1.46021e-07 -3.57221e-07  7.25375e-06
Defined at atCenterOfSurface
Magnetic field in inverse GeV:  (1.2972e-06,1.93373e-06,0.0113995) 

V_meas = 
|5.71429e-06|-0|-7.14286e-05|-0|
|-0|0.00228571|-0|-0.0285714|
|-7.14286e-05|-0|0.00130952|-0|
|-0|-0.0285714|-0|0.52381|
tsosTrkPlusMuUpdated
global parameters
x =      -1.91352       -16.52      -258.95
p =        -23.42     -13.4696     -126.442
global error
  1.44531e-07  3.08019e-07  2.03077e-06 -0.000131968 -8.01912e-05
  3.08019e-07  8.84598e-06 -5.56675e-07 -0.000173386  -0.00142484
  2.03077e-06 -5.56675e-07    0.0001955  -0.00735926 -0.000503402
 -0.000131968 -0.000173386  -0.00735926     0.348525    0.0589498
 -8.01912e-05  -0.00142484 -0.000503402    0.0589498     0.283575
local parameters (q/p,v',w',v,w)
  -0.00773419    0.0872336    -0.195055     -8.16214      12.3792
local error
  1.44531e-07 -2.64338e-07  -4.7104e-07  8.69915e-05  0.000128733
 -2.64338e-07  9.14645e-06 -3.65187e-07  -0.00145598 -7.86704e-05
  -4.7104e-07 -3.65187e-07  9.45053e-06 -0.000151097  -0.00163978
  8.69915e-05  -0.00145598 -0.000151097     0.294926     0.059567
  0.000128733 -7.86704e-05  -0.00163978     0.059567      0.35012
Defined at afterSurface
Magnetic field in inverse GeV:  (3.29444e-06,2.84419e-05,0.0110027) 

 ###### Generated Muon 1/2: GEN/-1/-3.01274/-2.11254/98.3786 PRD/-1/-3.01294/-2.11089/95.3728 UPD/-1/-2.24712/-2.59724/125.453
Finished comparison
Am I here?
Begin processing the 3rd record. Run 1, Event 3, LumiSection 1 at 06-May-2014 18:46:42.485 CEST
firstTSOS
global parameters
x =       1.31873     -4.68566      -80.994
p =       2.91847     -10.2419     -175.215
global error
  9.12932e-07 -6.87569e-10  8.41005e-07 -8.67556e-07  4.50498e-08
 -6.87569e-10  4.80821e-10 -5.18217e-10  2.41048e-10  -3.7881e-08
  8.41005e-07 -5.18217e-10  8.25665e-07 -1.04704e-06  3.85025e-08
 -8.67556e-07  2.41048e-10 -1.04704e-06  2.78648e-06 -1.18673e-08
  4.50498e-08  -3.7881e-08  3.85025e-08 -1.18673e-08  4.92311e-06
local parameters (q/p,v',w',v,w)
  -0.00569677    -0.339109    -0.314219    -0.518908     -3.01623
local error
  9.12932e-07  5.85005e-08  1.55474e-08  8.97356e-07    2.738e-07
  5.85005e-08  4.01501e-09  9.52369e-10  7.67739e-08  1.49111e-08
  1.55474e-08  9.52369e-10  8.76219e-10  1.23629e-08  4.85654e-08
  8.97356e-07  7.67739e-08  1.23629e-08  3.16115e-06 -4.92272e-08
    2.738e-07  1.49111e-08  4.85654e-08 -4.92272e-08  5.26783e-06
Defined at atCenterOfSurface
Magnetic field in inverse GeV:  (-6.76987e-07,2.40545e-06,0.0113832) 

V_meas = 
|5.71429e-06|-0|-7.14286e-05|-0|
|-0|0.00228571|-0|-0.0285714|
|-7.14286e-05|-0|0.00130952|-0|
|-0|-0.0285714|-0|0.52381|
tsosTrkPlusMuUpdated
global parameters
x =      0.816846      1.84509     -260.219
p =       54.5009     -112.615     -1098.61
global error
  4.94606e-07  5.73018e-06 -2.54244e-05  0.000852362  -0.00174395
  5.73018e-06  6.78189e-05 -0.000291854   0.00983903   -0.0204324
 -2.54244e-05 -0.000291854   0.00145982    -0.046369    0.0893535
  0.000852362   0.00983903    -0.046369      1.52138     -3.00145
  -0.00174395   -0.0204324    0.0893535     -3.00145      6.19425
local parameters (q/p,v',w',v,w)
 -0.000904398    -0.351647     0.085207      2.24129     -14.1514
local error
  4.94606e-07 -2.69328e-06  6.41995e-06  0.000746172   -0.0018347
 -2.69328e-06  1.72138e-05 -3.47172e-05   -0.0044149   0.00996889
  6.41995e-06 -3.47172e-05  8.48931e-05   0.00966034   -0.0240513
  0.000746172   -0.0044149   0.00966034      1.18534     -2.76599
   -0.0018347   0.00996889   -0.0240513     -2.76599      6.85044
Defined at afterSurface
Magnetic field in inverse GeV:  (-1.41626e-06,-3.19903e-06,0.0109972) 

 ###### Generated Muon 1/2: GEN/-1/-3.49514/-1.26639/160.977 PRD/-1/-3.49461/-1.26748/171.499 UPD/-1/-2.86896/-1.11748/1096.16
Finished comparison
Am I here?
Begin processing the 4th record. Run 1, Event 4, LumiSection 1 at 06-May-2014 18:46:42.495 CEST
firstTSOS
global parameters
x =      -3.31663     -3.81501      48.6753
p =      -6.97921     -7.98135      108.432
global error
  1.04358e-07    2.316e-09  1.13925e-07 -4.76422e-08 -2.02975e-08
    2.316e-09   1.4636e-09  1.30266e-09 -8.84795e-10 -1.38467e-08
  1.13925e-07  1.30266e-09  1.32367e-07  -6.8959e-08 -1.56375e-08
 -4.76422e-08 -8.84795e-10  -6.8959e-08  2.89158e-07  5.07674e-08
 -2.02975e-08 -1.38467e-08 -1.56375e-08  5.07674e-08  8.43943e-07
local parameters (q/p,v',w',v,w)
   0.00917861    -0.347211    -0.358686     0.143857     -2.71671
local error
  1.04358e-07 -1.31816e-08  9.40063e-10 -5.09538e-08  1.45033e-08
 -1.31816e-08  1.76385e-09  1.19911e-11  8.48676e-09 -1.17543e-09
  9.40063e-10  1.19911e-11  2.01013e-09 -3.83011e-10  1.68945e-08
 -5.09538e-08  8.48676e-09 -3.83011e-10  3.27251e-07 -3.58011e-08
  1.45033e-08 -1.17543e-09  1.68945e-08 -3.58011e-08  9.25623e-07
Defined at atCenterOfSurface
Magnetic field in inverse GeV:  (-9.9366e-07,-1.14297e-06,0.0114121) 

V_meas = 
|5.71429e-06|-0|-7.14286e-05|-0|
|-0|0.00228571|-0|-0.0285714|
|-7.14286e-05|-0|0.00130952|-0|
|-0|-0.0285714|-0|0.52381|
tsosTrkPlusMuUpdated
global parameters
x =      -1.19168     -17.8035       258.95
p =      -20.8445     -8.11118      97.0337
global error
  5.20874e-08 -1.48632e-08 -2.57286e-08  2.15987e-06  8.97871e-07
 -1.48632e-08    9.272e-06  2.88825e-06 -9.32935e-05  -0.00142414
 -2.57286e-08  2.88825e-06  0.000156216  -0.00557047 -0.000300583
  2.15987e-06 -9.32935e-05  -0.00557047     0.251106    0.0099233
  8.97871e-07  -0.00142414 -0.000300583    0.0099233     0.271623
local parameters (q/p,v',w',v,w)
    0.0100424    -0.124656    -0.193893      9.50058      11.7651
local error
  5.20874e-08 -1.34492e-08 -9.96228e-09  2.31508e-06  -3.9298e-07
 -1.34492e-08  9.50969e-06  1.18998e-06   -0.0014349 -0.000136501
 -9.96228e-09  1.18998e-06   9.0735e-06 -0.000165278  -0.00138823
  2.31508e-06   -0.0014349 -0.000165278     0.270592    0.0201249
  -3.9298e-07 -0.000136501  -0.00138823    0.0201249     0.266569
Defined at afterSurface
Magnetic field in inverse GeV:  (-2.014e-06,-3.00889e-05,0.0110149) 

 ###### Generated Muon 0/2: GEN/1/3.02062/-2.33724/99.0903 PRD/1/3.02068/-2.33449/105.436 UPD/1/2.17453/-2.80001/95.9261
Finished comparison
Am I here?
firstTSOS
global parameters
x =       3.85493        4.492     -63.5635
p =       7.01257      8.21795     -110.414
global error
  2.93906e-07 -1.16718e-09  3.38671e-07 -6.37521e-07 -2.09041e-08
 -1.16718e-09  4.00815e-09  1.17235e-09 -8.01783e-09 -1.18739e-07
  3.38671e-07  1.17235e-09   4.0615e-07 -8.54737e-07 -9.43279e-08
 -6.37521e-07 -8.01783e-09 -8.54737e-07   3.1872e-06  4.79438e-07
 -2.09041e-08 -1.18739e-07 -9.43279e-08  4.79438e-07  6.63418e-06
local parameters (q/p,v',w',v,w)
  -0.00901376    -0.346857    -0.358711     0.104513     -1.83296
local error
  2.93906e-07  3.89594e-08  6.79939e-09  6.75138e-07  7.18709e-08
  3.89594e-08  5.39887e-09  4.34861e-10  1.04864e-07  -1.0322e-09
  6.79939e-09  4.34861e-10    5.602e-09  4.01238e-10  1.45941e-07
  6.75138e-07  1.04864e-07  4.01238e-10  3.60394e-06 -2.43131e-07
  7.18709e-08  -1.0322e-09  1.45941e-07 -2.43131e-07  7.26457e-06
Defined at atCenterOfSurface
Magnetic field in inverse GeV:  (-1.58249e-06,-1.84401e-06,0.0113992) 

V_meas = 
|5.71429e-06|-0|-7.14286e-05|-0|
|-0|0.00228571|-0|-0.0285714|
|-7.14286e-05|-0|0.00130952|-0|
|-0|-0.0285714|-0|0.52381|
tsosTrkPlusMuUpdated
global parameters
x =      -2.64514      3.00484      -258.95
p =       32.1883      24.9179     -117.513
global error
  1.44026e-07  1.89221e-07  8.19186e-07 -7.74969e-05 -5.20821e-05
  1.89221e-07  6.92518e-06 -1.60059e-06  -5.2993e-06  -0.00113588
  8.19186e-07 -1.60059e-06  6.73098e-05  -0.00375124  5.79244e-05
 -7.74969e-05  -5.2993e-06  -0.00375124     0.262019    0.0148334
 -5.20821e-05  -0.00113588  5.79244e-05    0.0148334     0.232827
local parameters (q/p,v',w',v,w)
  -0.00804094    0.0969648    -0.332549     -3.90616      25.9927
local error
  1.44026e-07 -2.12566e-07  -2.8273e-07  5.89698e-05   7.4608e-05
 -2.12566e-07  8.46581e-06 -6.98897e-07  -0.00130776  3.50956e-05
  -2.8273e-07 -6.98897e-07  8.29797e-06  5.31041e-06  -0.00133783
  5.89698e-05  -0.00130776  5.31041e-06     0.253484    0.0135751
   7.4608e-05  3.50956e-05  -0.00133783    0.0135751       0.2693
Defined at afterSurface
Magnetic field in inverse GeV:  (4.55621e-06,-5.17579e-06,0.0110016) 

 ###### Generated Muon 1/2: GEN/-1/-3.02062/0.911328/99.0917 PRD/-1/-3.02006/0.908241/104.623 UPD/-1/-1.78195/0.683556/120.421
Finished comparison
Am I here?
Begin processing the 5th record. Run 1, Event 5, LumiSection 1 at 06-May-2014 18:46:42.505 CEST
firstTSOS
global parameters
x =      0.933422      2.61349      15.8003
p =       3.51037      9.76695      51.0778
global error
  4.61144e-08  5.88741e-10  3.31865e-08  -1.0751e-07 -9.97783e-09
  5.88741e-10  4.10961e-09  2.15366e-10 -6.63856e-10 -7.59908e-09
  3.31865e-08  2.15366e-10  1.02794e-07 -9.82978e-08 -7.45102e-09
  -1.0751e-07 -6.63856e-10 -9.82978e-08  4.56574e-07  3.56894e-08
 -9.97783e-09 -7.59908e-09 -7.45102e-09  3.56894e-08  2.17293e-07
local parameters (q/p,v',w',v,w)
    0.0191859    0.0834295      4.93854    -0.225195      0.94969
local error
  4.61144e-08 -3.34184e-08  1.22609e-09 -1.07884e-07  5.96575e-09
 -3.34184e-08  1.04228e-07  3.69515e-08  9.93224e-08  1.79172e-09
  1.22609e-09  3.69515e-08  2.64501e-06  2.37805e-08   9.5966e-07
 -1.07884e-07  9.93224e-08  2.37805e-08  4.59752e-07  8.26252e-09
  5.96575e-09  1.79172e-09   9.5966e-07  8.26252e-09  5.41005e-06
Defined at atCenterOfSurface
Magnetic field in inverse GeV:  (8.68477e-08,2.43165e-07,0.0114245) 

V_meas = 
|5.71429e-06|-0|-7.14286e-05|-0|
|-0|0.00228571|-0|-0.0285714|
|-7.14286e-05|-0|0.00130952|-0|
|-0|-0.0285714|-0|0.52381|
tsosTrkPlusMuUpdated
global parameters
x =       9.21318      8.52161       264.25
p =       13.1283      24.1007       45.382
global error
  4.22218e-08  1.00289e-07 -6.21089e-08  1.73863e-05 -3.50527e-05
  1.00289e-07  3.02364e-05  3.45089e-06 -0.000372133  -0.00528794
 -6.21089e-08  3.45089e-06  0.000136843    -0.012132 -0.000285812
  1.73863e-05 -0.000372133    -0.012132      1.36223    0.0361474
 -3.50527e-05  -0.00528794 -0.000285812    0.0361474      1.17284
local parameters (q/p,v',w',v,w)
    0.0188554    -0.111016    -0.594465      -6.1289      43.2887
local error
  4.22218e-08 -1.43833e-08  1.42016e-07  9.57078e-06 -4.34595e-05
 -1.43833e-08   5.1072e-05  3.29816e-06  -0.00748073  -0.00027744
  1.42016e-07  3.29816e-06  5.53482e-05  -0.00068728  -0.00829282
  9.57078e-06  -0.00748073  -0.00068728      1.38555    0.0826207
 -4.34595e-05  -0.00027744  -0.00829282    0.0826207      1.57844
Defined at afterSurface
Magnetic field in inverse GeV:  (1.6007e-05,1.48055e-05,0.0109964) 

 ###### Generated Muon 0/2: GEN/1/2.2971/1.11628/46.8784 PRD/1/2.29746/1.12039/48.8657 UPD/1/1.277/1.00728/49.3179
Finished comparison
Am I here?
firstTSOS
global parameters
x =     -0.925685     -2.61557     -11.5079
p =      -3.30664     -9.42032     -49.0903
global error
  4.56707e-08 -2.45848e-10  3.42669e-08 -1.33664e-07  9.25867e-09
 -2.45848e-10  3.62925e-09 -2.21912e-10  1.75212e-09 -4.04835e-09
  3.42669e-08 -2.21912e-10  1.11914e-07 -1.28016e-07  8.44973e-09
 -1.33664e-07  1.75212e-09 -1.28016e-07  7.03749e-07 -4.52222e-08
  9.25867e-09 -4.04835e-09  8.44973e-09 -4.52222e-08  1.20912e-07
local parameters (q/p,v',w',v,w)
    -0.019962    0.0759214     -4.93115    -0.217185      1.45793
local error
  4.56707e-08 -3.44656e-08   6.6218e-09 -1.34048e-07   3.4405e-09
 -3.44656e-08  1.13211e-07 -3.66169e-08  1.29135e-07 -6.09046e-09
   6.6218e-09 -3.66169e-08  2.32532e-06 -3.70121e-09  4.98647e-07
 -1.34048e-07  1.29135e-07 -3.70121e-09  7.07806e-07 -3.59068e-08
   3.4405e-09 -6.09046e-09  4.98647e-07 -3.59068e-08  2.97285e-06
Defined at atCenterOfSurface
Magnetic field in inverse GeV:  (8.17915e-08,2.31106e-07,0.0114246) 

V_meas = 
|5.71429e-06|-0|-7.14286e-05|-0|
|-0|0.00228571|-0|-0.0285714|
|-7.14286e-05|-0|0.00130952|-0|
|-0|-0.0285714|-0|0.52381|
tsosTrkPlusMuUpdated
global parameters
x =      -6.20723     0.210628      -264.25
p =      -7.08836     -27.0494     -39.7474
global error
   4.7798e-08  1.65005e-07   1.7885e-07 -2.67806e-05 -6.00833e-05
  1.65005e-07  3.22986e-05 -6.60163e-07 -0.000105037  -0.00598914
   1.7885e-07 -6.60163e-07  0.000125922   -0.0129951  0.000207246
 -2.67806e-05 -0.000105037   -0.0129951      1.71258    0.0103358
 -6.00833e-05  -0.00598914  0.000207246    0.0103358      1.43413
local parameters (q/p,v',w',v,w)
    -0.020577   -0.0406872    -0.702333      5.96852      52.5225
local error
   4.7798e-08 -1.33172e-07 -2.39383e-07  3.09845e-05  7.17904e-05
 -1.33172e-07  6.22097e-05 -1.11765e-06  -0.00913453  0.000269322
 -2.39383e-07 -1.11765e-06  7.23482e-05 -0.000262047   -0.0109539
  3.09845e-05  -0.00913453 -0.000262047      1.71549     0.037457
  7.17904e-05  0.000269322   -0.0109539     0.037457      2.14102
Defined at afterSurface
Magnetic field in inverse GeV:  (1.09866e-05,-3.72805e-07,0.0109836) 

 ###### Generated Muon 1/2: GEN/-1/-2.29712/-1.79838/46.8776 PRD/-1/-2.29652/-1.79815/46.917 UPD/-1/-1.1508/-1.75245/44.7461
Finished comparison
Am I here?
Begin processing the 6th record. Run 1, Event 6, LumiSection 1 at 06-May-2014 18:46:42.515 CEST
firstTSOS
global parameters
x =      -2.17272      1.73904      19.3341
p =      -8.24898      6.63821      88.7565
global error
  6.44462e-08  1.68739e-10  7.44141e-08 -1.63771e-07  1.57645e-08
  1.68739e-10  2.38067e-09  -1.8272e-10    1.196e-09 -2.32058e-09
  7.44141e-08  -1.8272e-10  2.13764e-07 -2.08671e-07  2.11682e-08
 -1.63771e-07    1.196e-09 -2.08671e-07  6.26673e-07 -6.42489e-08
  1.57645e-08 -2.32058e-09  2.11682e-08 -6.42489e-08  8.77301e-08
local parameters (q/p,v',w',v,w)
    0.0111875    -0.108198      8.43146     0.306659     -2.58405
local error
  6.44462e-08 -7.52875e-08  7.99833e-08 -1.64727e-07  1.54533e-08
 -7.52875e-08  2.18802e-07 -1.84215e-07   2.1235e-07 -1.14238e-08
  7.99833e-08 -1.84215e-07  1.23872e-05 -1.05245e-07  1.33683e-06
 -1.64727e-07   2.1235e-07 -1.05245e-07  6.34009e-07 -2.61405e-08
  1.54533e-08 -1.14238e-08  1.33683e-06 -2.61405e-08  5.78389e-06
Defined at atCenterOfSurface
Magnetic field in inverse GeV:  (-2.51975e-07,2.0168e-07,0.0114238) 

V_meas = 
|5.71429e-06|-0|-7.14286e-05|-0|
|-0|0.00228571|-0|-0.0285714|
|-7.14286e-05|-0|0.00130952|-0|
|-0|-0.0285714|-0|0.52381|
tsosTrkPlusMuUpdated
global parameters
x =       13.7364     -17.9319      219.388
p =       -33.666      25.9379      99.1174
global error
  3.43199e-08  2.92388e-07  1.01108e-06 -0.000144292 -0.000103589
  2.92388e-07  1.16997e-05  5.64804e-06  -0.00104342  -0.00280606
  1.01108e-06  5.64804e-06  9.31406e-05  -0.00951343  -0.00249024
 -0.000144292  -0.00104342  -0.00951343      1.11277     0.401561
 -0.000103589  -0.00280606  -0.00249024     0.401561     0.776487
local parameters (q/p,v',w',v,w)
   0.00927261   -0.0120638    -0.428606       6.4331       48.522
local error
  3.43199e-08  4.41115e-07  3.33868e-07 -0.000147406 -0.000108606
  4.41115e-07  1.72404e-05  2.77983e-06  -0.00413806  -0.00113089
  3.33868e-07  2.77983e-06  1.62401e-05  -0.00122053  -0.00354787
 -0.000147406  -0.00413806  -0.00122053      1.13719     0.430783
 -0.000108606  -0.00113089  -0.00354787     0.430783     0.894821
Defined at afterSurface
Magnetic field in inverse GeV:  (1.88109e-05,-2.45563e-05,0.0111347) 

 ###### Generated Muon 0/2: GEN/1/2.82226/2.40204/80.9132 PRD/1/2.823/2.40498/86.2478 UPD/1/1.58324/2.45094/103.902
Finished comparison
Am I here?
firstTSOS
global parameters
x =       4.16488     -3.30452      -48.523
p =       7.78744     -6.14196      -83.067
global error
  1.12059e-07  2.91331e-09  1.09512e-07  -4.5929e-08 -4.36409e-08
  2.91331e-09  1.97522e-09   2.8159e-09 -1.94669e-09 -3.80127e-08
  1.09512e-07   2.8159e-09  1.11545e-07 -5.97918e-08 -4.38171e-08
  -4.5929e-08 -1.94669e-09 -5.97918e-08  2.91012e-07  9.61769e-08
 -4.36409e-08 -3.80127e-08 -4.38171e-08  9.61769e-08  2.57458e-06
local parameters (q/p,v',w',v,w)
   -0.0119536    -0.387175     0.309748     0.383165     -2.48715
local error
  1.12059e-07  1.56253e-08  1.36269e-09 -5.04486e-08 -3.89083e-08
  1.56253e-08  2.27132e-09  2.41197e-10 -9.36423e-09 -6.47464e-09
  1.36269e-09  2.41197e-10   2.5674e-09 -2.44162e-09 -4.46885e-08
 -5.04486e-08 -9.36423e-09 -2.44162e-09  3.42138e-07  1.37615e-07
 -3.89083e-08 -6.47464e-09 -4.46885e-08  1.37615e-07   2.7499e-06
Defined at atCenterOfSurface
Magnetic field in inverse GeV:  (-1.33429e-06,1.05866e-06,0.01141) 

V_meas = 
|5.71429e-06|-0|-7.14286e-05|-0|
|-0|0.00228571|-0|-0.0285714|
|-7.14286e-05|-0|0.00130952|-0|
|-0|-0.0285714|-0|0.52381|
tsosTrkPlusMuUpdated
global parameters
x =       5.47754     -20.8752      -263.07
p =       24.0139     -6.32401     -72.3322
global error
  5.63701e-08  1.28355e-07 -2.10702e-06  0.000218245  -4.8526e-05
  1.28355e-07  1.54252e-05 -2.74347e-06   0.00038193  -0.00243455
 -2.10702e-06 -2.74347e-06  0.000208799   -0.0150828   0.00171233
  0.000218245   0.00038193   -0.0150828         1.32     -0.18254
  -4.8526e-05  -0.00243455   0.00171233     -0.18254     0.496394
local parameters (q/p,v',w',v,w)
    -0.013076    -0.172932    -0.296578      10.8878      12.9511
local error
  5.63701e-08  5.53324e-07 -4.88742e-07 -0.000162691  0.000154255
  5.53324e-07  2.23153e-05  -2.8707e-06  -0.00413657   0.00136454
 -4.88742e-07  -2.8707e-06  2.15912e-05   0.00116113  -0.00392212
 -0.000162691  -0.00413657   0.00116113     0.957908    -0.427988
  0.000154255   0.00136454  -0.00392212    -0.427988     0.916993
Defined at afterSurface
Magnetic field in inverse GeV:  (-9.6291e-06,3.6697e-05,0.0109895) 

 ###### Generated Muon 1/2: GEN/-1/-2.82227/-0.608661/80.9149 PRD/-1/-2.82215/-0.608236/79.9875 UPD/-1/-1.79143/-0.217901/72.8884
Finished comparison
Am I here?
Begin processing the 7th record. Run 1, Event 7, LumiSection 1 at 06-May-2014 18:46:42.524 CEST
firstTSOS
global parameters
x =      0.614995      2.69882     -10.3636
p =       2.22312      9.88251     -67.1968
global error
  3.79605e-08  3.63197e-10  4.10505e-08  -1.2866e-07 -5.90133e-09
  3.63197e-10  2.79155e-09  2.56438e-10  -5.0005e-10 -3.61986e-09
  4.10505e-08  2.56438e-10  1.60301e-07 -1.60464e-07 -5.56017e-09
  -1.2866e-07  -5.0005e-10 -1.60464e-07  6.87804e-07  2.45832e-08
 -5.90133e-09 -3.61986e-09 -5.56017e-09  2.45832e-08  1.27335e-07
local parameters (q/p,v',w',v,w)
   -0.0147154   -0.0405499     -6.63923     0.104465     0.313569
local error
  3.79605e-08 -4.11187e-08  5.30804e-09 -1.28766e-07  4.98089e-09
 -4.11187e-08  1.60827e-07  3.14757e-08  1.60856e-07  4.92488e-09
  5.30804e-09  3.14757e-08  5.66925e-06  2.06918e-08  1.08914e-06
 -1.28766e-07  1.60856e-07  2.06918e-08  6.88935e-07   2.0113e-08
  4.98089e-09  4.92488e-09  1.08914e-06   2.0113e-08  5.69201e-06
Defined at atCenterOfSurface
Magnetic field in inverse GeV:  (-4.97377e-08,-2.18267e-07,0.0114248) 

V_meas = 
|5.71429e-06|-0|-7.14286e-05|-0|
|-0|0.00228571|-0|-0.0285714|
|-7.14286e-05|-0|0.00130952|-0|
|-0|-0.0285714|-0|0.52381|
tsosTrkPlusMuUpdated
global parameters
x =       2.64285      12.4118      -264.25
p =       6.49714      25.0499     -60.9671
global error
  2.32746e-08  1.41241e-07  1.13556e-07 -1.36008e-05 -4.52166e-05
  1.41241e-07   1.8544e-05  -1.2187e-06 -4.02441e-05  -0.00315773
  1.13556e-07  -1.2187e-06  0.000148861  -0.00911473  0.000132465
 -1.36008e-05 -4.02441e-05  -0.00911473     0.707513     0.015432
 -4.52166e-05  -0.00315773  0.000132465     0.015432     0.688771
local parameters (q/p,v',w',v,w)
   -0.0150984    0.0124688    -0.424287    -0.185262       26.711
local error
  2.32746e-08 -4.19398e-08 -1.67994e-07   1.2152e-05  4.94998e-05
 -4.19398e-08  2.68664e-05 -6.90814e-07  -0.00386968  8.85887e-05
 -1.67994e-07 -6.90814e-07  2.57867e-05   -4.224e-05  -0.00404729
   1.2152e-05  -0.00386968   -4.224e-05      0.70662    0.0136422
  4.94998e-05  8.85887e-05  -0.00404729    0.0136422     0.813764
Defined at afterSurface
Magnetic field in inverse GeV:  (-4.67672e-06,-2.19636e-05,0.0109841) 

 ###### Generated Muon 1/2: GEN/-1/-2.59088/1.43047/63.7163 PRD/-1/-2.59121/1.42931/64.7867 UPD/-1/-1.59238/1.36426/62.7217
Finished comparison
Am I here?
firstTSOS
global parameters
x =      -1.35886     -5.84998      47.8019
p =      -2.15218     -9.10374      61.9721
global error
  9.62976e-08  2.32251e-09   8.2649e-08 -5.21414e-08 -1.41127e-08
  2.32251e-09  3.47056e-09  3.15054e-09 -2.53761e-09 -1.78695e-08
   8.2649e-08  3.15054e-09  7.58563e-08 -6.51479e-08 -1.82885e-08
 -5.21414e-08 -2.53761e-09 -6.51479e-08  4.19546e-07  6.27927e-08
 -1.41127e-08 -1.78695e-08 -1.82885e-08  6.27927e-08   8.2568e-07
local parameters (q/p,v',w',v,w)
    0.0159555    -0.330491      -0.4184    -0.409766     -1.81619
local error
  9.62976e-08 -1.49444e-08 -7.66623e-10 -5.62529e-08   1.6692e-09
 -1.49444e-08  2.59259e-09 -6.37043e-10  1.31115e-08 -2.95966e-09
 -7.66623e-10 -6.37043e-10  4.76845e-09 -2.72227e-09  2.16128e-08
 -5.62529e-08  1.31115e-08 -2.72227e-09  4.87038e-07 -6.07865e-08
   1.6692e-09 -2.95966e-09  2.16128e-08 -6.07865e-08  9.10648e-07
Defined at atCenterOfSurface
Magnetic field in inverse GeV:  (-3.99876e-07,-1.72149e-06,0.0114126) 

V_meas = 
|5.71429e-06|-0|-7.14286e-05|-0|
|-0|0.00228571|-0|-0.0285714|
|-7.14286e-05|-0|0.00130952|-0|
|-0|-0.0285714|-0|0.52381|
tsosTrkPlusMuUpdated
global parameters
x =     -0.633585     -7.61298       264.25
p =      -9.61126     -23.6621      59.5895
global error
   5.5281e-08  2.46927e-07 -2.68374e-07  3.36438e-05  -7.9851e-05
  2.46927e-07  2.20204e-05  2.52715e-06 -0.000106667  -0.00371392
 -2.68374e-07  2.52715e-06  0.000166308     -0.01037   5.3866e-05
  3.36438e-05 -0.000106667     -0.01037     0.815068   -0.0219965
  -7.9851e-05  -0.00371392   5.3866e-05   -0.0219965     0.800031
local parameters (q/p,v',w',v,w)
    0.0154245   -0.0688866     -0.42302      1.07637      31.8366
local error
   5.5281e-08 -6.89976e-08  3.07374e-07   1.9243e-05 -9.11539e-05
 -6.89976e-08  3.09227e-05  1.13422e-06  -0.00446567  5.00931e-07
  3.07374e-07  1.13422e-06  3.04823e-05 -0.000177922  -0.00476244
   1.9243e-05  -0.00446567 -0.000177922     0.810883  -0.00176733
 -9.11539e-05  5.00931e-07  -0.00476244  -0.00176733     0.951175
Defined at afterSurface
Magnetic field in inverse GeV:  (-1.10099e-06,-1.32292e-05,0.0109959) 

 ###### Generated Muon 0/2: GEN/1/2.59086/-1.87749/63.7198 PRD/1/2.58985/-1.88323/59.3757 UPD/1/1.58362/-2.00517/61.3291
Finished comparison
Am I here?
Begin processing the 8th record. Run 1, Event 8, LumiSection 1 at 06-May-2014 18:46:42.535 CEST
firstTSOS
global parameters
x =       2.93307    -0.758833     -15.5439
p =       8.39325     -2.15306     -59.3888
global error
  4.36846e-08 -6.61084e-11  4.66589e-08 -1.30583e-07 -7.82207e-10
 -6.61084e-11  3.89042e-09 -2.40112e-10  1.05799e-09 -4.44937e-09
  4.66589e-08 -2.40112e-10   2.1357e-07 -1.61177e-07  2.68463e-12
 -1.30583e-07  1.05799e-09 -1.61177e-07   6.9116e-07   4.8289e-09
 -7.82207e-10 -4.44937e-09  2.68463e-12   4.8289e-09  1.17537e-07
local parameters (q/p,v',w',v,w)
   -0.0166618   -0.0106911      6.85426   -0.0261578     -1.20608
local error
  4.36846e-08 -4.66634e-08  6.59085e-09  1.30591e-07 -4.15063e-09
 -4.66634e-08  2.13614e-07 -2.68941e-08 -1.61201e-07  1.07685e-08
  6.59085e-09 -2.68941e-08  8.95821e-06  6.25749e-08 -1.48312e-06
  1.30591e-07 -1.61201e-07  6.25749e-08  6.91238e-07 -1.71989e-08
 -4.15063e-09  1.07685e-08 -1.48312e-06 -1.71989e-08  5.63769e-06
Defined at atCenterOfSurface
Magnetic field in inverse GeV:  (-3.36061e-07,8.69444e-08,0.0114239) 

V_meas = 
|5.71429e-06|-0|-7.14286e-05|-0|
|-0|0.00228571|-0|-0.0285714|
|-7.14286e-05|-0|0.00130952|-0|
|-0|-0.0285714|-0|0.52381|
tsosTrkPlusMuUpdated
global parameters
x =       18.5524     -8.79485      -263.07
p =       24.9329     -2.75868     -55.2042
global error
  3.19032e-08  9.23457e-09 -5.22008e-07  7.59115e-05 -5.63361e-06
  9.23457e-09   2.5492e-05  1.28286e-06 -0.000186882  -0.00410514
 -5.22008e-07  1.28286e-06  0.000148134   -0.0108761  6.08092e-05
  7.59115e-05 -0.000186882   -0.0108761      1.03214   0.00640502
 -5.63361e-06  -0.00410514  6.08092e-05   0.00640502     0.834478
local parameters (q/p,v',w',v,w)
   -0.0164918   -0.0517808    -0.451444      4.44608      19.3554
local error
  3.19032e-08  2.34596e-07 -3.81232e-08 -7.47119e-05   1.4798e-05
  2.34596e-07  3.07926e-05  1.24352e-06  -0.00496663  1.00948e-05
 -3.81232e-08  1.24352e-06  3.69051e-05 -0.000279793  -0.00541552
 -7.47119e-05  -0.00496663 -0.000279793      1.03341   0.00398166
   1.4798e-05  1.00948e-05  -0.00541552   0.00398166      1.00552
Defined at afterSurface
Magnetic field in inverse GeV:  (-3.26163e-05,1.54619e-05,0.0109893) 

 ###### Generated Muon 1/2: GEN/-1/-2.62292/-0.173397/65.7339 PRD/-1/-2.62363/-0.163221/57.6354 UPD/-1/-1.53035/-0.0577462/57.1086
Finished comparison
Am I here?
firstTSOS
global parameters
x =      -4.66597      1.23107      38.2745
p =       -9.7534       2.5996      69.1406
global error
  7.13423e-08  3.03124e-09  6.61032e-08   -4.883e-08 -3.06523e-08
  3.03124e-09  3.59557e-09  3.27404e-09 -3.50128e-09 -3.61423e-08
  6.61032e-08  3.27404e-09  6.57695e-08 -5.64026e-08  -3.3888e-08
   -4.883e-08 -3.50128e-09 -5.64026e-08  2.16923e-07  7.13431e-08
 -3.06523e-08 -3.61423e-08  -3.3888e-08  7.13431e-08   9.4499e-07
local parameters (q/p,v',w',v,w)
    0.0143116     -0.35094    -0.416213     0.298697     -2.93939
local error
  7.13423e-08 -1.15024e-08  2.27696e-09 -5.15682e-08  2.65161e-08
 -1.15024e-08  1.99098e-09 -4.20467e-10  1.03628e-08 -4.78609e-09
  2.27696e-09 -4.20467e-10  5.24494e-09  -2.9893e-09  4.63721e-08
 -5.15682e-08  1.03628e-08  -2.9893e-09  2.42773e-07 -4.50452e-08
  2.65161e-08 -4.78609e-09  4.63721e-08 -4.50452e-08  1.07581e-06
Defined at atCenterOfSurface
Magnetic field in inverse GeV:  (-1.09993e-06,2.90207e-07,0.0114175) 

V_meas = 
|5.71429e-06|-0|-7.14286e-05|-0|
|-0|0.00228571|-0|-0.0285714|
|-7.14286e-05|-0|0.00130952|-0|
|-0|-0.0285714|-0|0.52381|
tsosTrkPlusMuUpdated
global parameters
x =      -8.29321     -3.72807       263.07
p =      -32.1179      9.87975      67.3272
global error
  3.85601e-08  1.40974e-07  9.96145e-07 -0.000142404 -4.11362e-05
  1.40974e-07  1.78169e-05  1.14255e-06 -0.000380317  -0.00298534
  9.96145e-07  1.14255e-06  0.000112292   -0.0102532 -0.000654275
 -0.000142404 -0.000380317   -0.0102532      1.16154     0.129429
 -4.11362e-05  -0.00298534 -0.000654275     0.129429     0.626594
local parameters (q/p,v',w',v,w)
    0.0132896   -0.0369104    -0.497734      5.48002       32.144
local error
  3.85601e-08  5.07348e-07  1.38955e-07 -0.000145414 -3.53179e-05
  5.07348e-07  2.80335e-05  5.59475e-07  -0.00516759 -0.000265367
  1.38955e-07  5.59475e-07  2.77153e-05 -0.000400917  -0.00411279
 -0.000145414  -0.00516759 -0.000400917      1.18081     0.115131
 -3.53179e-05 -0.000265367  -0.00411279     0.115131     0.763414
Defined at afterSurface
Magnetic field in inverse GeV:  (-1.43234e-05,-6.43883e-06,0.011) 

 ###### Generated Muon 0/2: GEN/1/2.62289/2.807/65.736 PRD/1/2.62288/2.80731/66.3209 UPD/1/1.4455/2.79985/71.5382
Finished comparison
Am I here?
Begin processing the 9th record. Run 1, Event 9, LumiSection 1 at 06-May-2014 18:46:42.549 CEST
firstTSOS
global parameters
x =      0.576341      5.27098       81.399
p =       1.17997      10.4708      157.152
global error
  2.44896e-06 -1.80912e-09   1.9058e-06 -1.49018e-06  8.45474e-08
 -1.80912e-09  1.06733e-09  -1.1731e-09 -3.29947e-10 -5.91067e-08
   1.9058e-06  -1.1731e-09  1.57559e-06 -1.51001e-06  4.92902e-08
 -1.49018e-06 -3.29947e-10 -1.51001e-06  3.49735e-06  1.02141e-07
  8.45474e-08 -5.91067e-08  4.92902e-08  1.02141e-07  6.45081e-06
local parameters (q/p,v',w',v,w)
   0.00634902     -0.35086    -0.323424     0.337779      -2.4472
local error
  2.44896e-06 -1.49731e-07 -1.56043e-08 -1.58013e-06 -2.30957e-07
 -1.49731e-07  9.72515e-09  1.00018e-09  1.25753e-07   1.6201e-08
 -1.56043e-08  1.00018e-09   1.5339e-09  1.17359e-08  7.30965e-08
 -1.58013e-06  1.25753e-07  1.17359e-08  3.92577e-06  3.19397e-07
 -2.30957e-07   1.6201e-08  7.30965e-08  3.19397e-07  7.07814e-06
Defined at atCenterOfSurface
Magnetic field in inverse GeV:  (2.85142e-07,2.60779e-06,0.0113864) 

V_meas = 
|5.71429e-06|-0|-7.14286e-05|-0|
|-0|0.00228571|-0|-0.0285714|
|-7.14286e-05|-0|0.00130952|-0|
|-0|-0.0285714|-0|0.52381|
tsosTrkPlusMuUpdated
global parameters
x =      -16.7035     -129.938      227.328
p =       3.11311      13.9546      25.4886
global error
  1.01048e-06  7.67204e-06   1.7685e-06  0.000140025  -0.00291332
  7.67204e-06  0.000123965  1.24408e-05   0.00187074   -0.0371037
   1.7685e-06  1.24408e-05  0.000254455   -0.0257007  -0.00574517
  0.000140025   0.00187074   -0.0257007      3.27212    -0.517613
  -0.00291332   -0.0371037  -0.00574517    -0.517613      12.5501
local parameters (q/p,v',w',v,w)
   -0.0342175    -0.339492     0.547169      8.35672     -143.535
local error
  1.01048e-06 -1.85212e-06  -9.8966e-06   -2.015e-05   0.00328822
 -1.85212e-06  9.55473e-05  5.02436e-06   -0.0164523  -0.00445724
  -9.8966e-06  5.02436e-06  0.000216499   0.00393733   -0.0552385
   -2.015e-05   -0.0164523   0.00393733      3.61921    -0.759083
   0.00328822  -0.00445724   -0.0552385    -0.759083      16.1059
Defined at afterSurface
Magnetic field in inverse GeV:  (-2.18046e-05,-0.000169414,0.0111887) 

 ###### Generated Muon 0/2: GEN/1/3.39725/1.42821/145.513 PRD/1/3.39663/1.42981/153.541 UPD/-1/1.34266/1.49172/25.7762
Finished comparison
Am I here?
firstTSOS
global parameters
x =     -0.587347     -5.69082     -83.1447
p =     -0.900871      -8.9365     -134.066
global error
  2.20998e-06  1.70397e-09  1.69551e-06 -1.49889e-06 -9.06041e-08
  1.70397e-09  8.53652e-10  1.45317e-09 -3.29777e-09 -4.97182e-08
  1.69551e-06  1.45317e-09   1.3757e-06 -1.44926e-06 -9.64028e-08
 -1.49889e-06 -3.29777e-09 -1.44926e-06  3.16379e-06  3.27095e-07
 -9.06041e-08 -4.97182e-08 -9.64028e-08  3.27095e-07  5.28126e-06
local parameters (q/p,v',w',v,w)
  -0.00744232     -0.34515     -0.32264    -0.103355     -2.06125
local error
  2.20998e-06  1.32471e-07  1.95011e-08  1.58855e-06  1.62612e-07
  1.32471e-07  8.40329e-09  1.15781e-09  1.20443e-07  7.79946e-09
  1.95011e-08  1.15781e-09  1.30046e-09  1.16387e-08    6.033e-08
  1.58855e-06  1.20443e-07  1.16387e-08  3.59636e-06 -1.48788e-07
  1.62612e-07  7.79946e-09    6.033e-08 -1.48788e-07  5.65291e-06
Defined at atCenterOfSurface
Magnetic field in inverse GeV:  (3.08929e-07,2.99323e-06,0.011381) 

V_meas = 
|5.71429e-06|-0|-7.14286e-05|-0|
|-0|0.00228571|-0|-0.0285714|
|-7.14286e-05|-0|0.00130952|-0|
|-0|-0.0285714|-0|0.52381|
tsosTrkPlusMuUpdated
global parameters
x =       1.30225       23.079     -227.531
p =      -4.26638     -23.6228     -136.901
global error
  1.17128e-06   9.5812e-06  1.22002e-05 -0.000668181    -0.003231
   9.5812e-06  8.26674e-05  9.82731e-05  -0.00542454   -0.0272569
  1.22002e-05  9.82731e-05  0.000309889   -0.0127339   -0.0334402
 -0.000668181  -0.00542454   -0.0127339     0.594237       1.8375
    -0.003231   -0.0272569   -0.0334402       1.8375      9.10076
local parameters (q/p,v',w',v,w)
   0.00719476    -0.361503    -0.222608      3.82191     -35.6485
local error
  1.17128e-06  2.48577e-06  -1.0448e-05  0.000724403   -0.0032467
  2.48577e-06  1.25354e-05 -2.13163e-05   0.00276057  -0.00675949
  -1.0448e-05 -2.13163e-05  9.85741e-05  -0.00632526    0.0299121
  0.000724403   0.00276057  -0.00632526     0.688873     -1.98456
   -0.0032467  -0.00675949    0.0299121     -1.98456      9.19796
Defined at afterSurface
Magnetic field in inverse GeV:  (-1.90014e-06,-3.36751e-05,0.011102) 

 ###### Generated Muon 1/2: GEN/-1/-3.39725/-1.64033/145.512 PRD/-1/-3.39747/-1.63775/130.508 UPD/1/-2.44159/-1.77383/135.103
Finished comparison
Am I here?
Begin processing the 10th record. Run 1, Event 10, LumiSection 1 at 06-May-2014 18:46:42.559 CEST
firstTSOS
global parameters
x =       2.76459     -1.38759     -19.3347
p =       9.04423     -4.52477     -74.0286
global error
  3.16632e-08 -1.58866e-10  3.53703e-08 -8.67846e-08  1.38456e-08
 -1.58866e-10  2.68206e-09 -9.88005e-11  1.26509e-09 -3.09263e-09
  3.53703e-08 -9.88005e-11  1.67871e-07 -1.11348e-07  1.69506e-08
 -8.67846e-08  1.26509e-09 -1.11348e-07  3.92188e-07 -6.05423e-08
  1.38456e-08 -3.09263e-09  1.69506e-08 -6.05423e-08  1.04514e-07
local parameters (q/p,v',w',v,w)
    -0.013384      0.20488      7.47224     0.624781      2.58471
local error
  3.16632e-08 -3.68598e-08 -4.53038e-08  8.85873e-08  2.78618e-08
 -3.68598e-08  1.82275e-07  2.62253e-07 -1.18457e-07 -4.43427e-08
 -4.53038e-08  2.62253e-07  8.70387e-06 -1.02087e-07 -1.23255e-06
  8.85873e-08 -1.18457e-07 -1.02087e-07  4.08651e-07  1.43816e-07
  2.78618e-08 -4.43427e-08 -1.23255e-06  1.43816e-07  5.24537e-06
Defined at atCenterOfSurface
Magnetic field in inverse GeV:  (-3.84189e-07,1.92831e-07,0.011423) 

V_meas = 
|5.71429e-06|-0|-7.14286e-05|-0|
|-0|0.00228571|-0|-0.0285714|
|-7.14286e-05|-0|0.00130952|-0|
|-0|-0.0285714|-0|0.52381|
tsosTrkPlusMuUpdated
global parameters
x =       8.43744     -13.8594      -260.53
p =       30.4854      -6.3123     -65.7738
global error
  2.15898e-08  2.74772e-08 -4.77636e-07  7.13272e-05 -1.17383e-05
  2.74772e-08  1.67514e-05  8.81014e-07 -5.67245e-05  -0.00274333
 -4.77636e-07  8.81014e-07  9.66764e-05  -0.00792265  0.000175782
  7.13272e-05 -5.67245e-05  -0.00792265     0.833279   -0.0270394
 -1.17383e-05  -0.00274333  0.000175782   -0.0270394     0.568114
local parameters (q/p,v',w',v,w)
    -0.013742    -0.114633     -0.45923      8.82605      21.0175
local error
  2.15898e-08  2.11583e-07 -8.74825e-08 -6.60584e-05  2.98749e-05
  2.11583e-07   2.2053e-05  1.15748e-06  -0.00373848  0.000119069
 -8.74825e-08  1.15748e-06  2.47109e-05  -6.3612e-05  -0.00372757
 -6.60584e-05  -0.00373848  -6.3612e-05     0.811132   -0.0588068
  2.98749e-05  0.000119069  -0.00372757   -0.0588068     0.717537
Defined at afterSurface
Magnetic field in inverse GeV:  (-1.46454e-05,2.40567e-05,0.0109973) 

 ###### Generated Muon 1/2: GEN/-1/-2.68816/-0.391716/70.4217 PRD/-1/-2.68866/-0.392754/71.3804 UPD/-1/-1.49345/-0.159622/69.1183
Finished comparison
Am I here?
firstTSOS
global parameters
x =       -4.2114      2.14232      37.8691
p =      -9.02883      4.62566      74.1828
global error
  6.01958e-08  1.17589e-09  6.92315e-08 -7.66887e-08  1.30894e-08
  1.17589e-09  2.16984e-09  1.55183e-09 -2.79808e-10 -3.11816e-08
  6.92315e-08  1.55183e-09  8.31966e-08 -9.88155e-08  1.58913e-08
 -7.66887e-08 -2.79808e-10 -9.88155e-08  2.85118e-07 -6.05458e-08
  1.30894e-08 -3.11816e-08  1.58913e-08 -6.05458e-08  1.51026e-06
local parameters (q/p,v',w',v,w)
    0.0133559    -0.316814    -0.397403    -0.759362     -3.22556
local error
  6.01958e-08 -1.10783e-08 -2.30603e-09 -7.56212e-08 -3.99309e-08
 -1.10783e-08  2.27809e-09 -1.98614e-10  1.70545e-08 -1.30432e-10
 -2.30603e-09 -1.98614e-10  2.87752e-09 -3.20414e-09  3.88475e-08
 -7.56212e-08  1.70545e-08 -3.20414e-09  3.47941e-07 -1.86723e-07
 -3.99309e-08 -1.30432e-10  3.88475e-08 -1.86723e-07  1.64419e-06
Defined at atCenterOfSurface
Magnetic field in inverse GeV:  (-9.82186e-07,4.99635e-07,0.0114177) 

V_meas = 
|5.71429e-06|-0|-7.14286e-05|-0|
